60.0 83.0 0.0172
60.0 103.0 0.0172
60.0 138.0 0.0172 
60.0 172.0 0.0172
60.0 193.0 0.0172
80.0 41.0 0.0172
80.0 83.0 0.0172
80.0 103.0 0.0172
80.0 138.0 0.0172
80.0 158.0 0.0172
80.0 172.0 0.0172
80.0 213.0 0.0172
80.0 94.9 0.171
80.1 99.4 0.171
80.2 41.3 0.171
80.2 60.2 0.171
80.2 60.7 0.171
80.3 40.4 0.171
80.3 80.4 0.171
80.5 80.5 0.171
60.0 41.0 0.172
60.0 83.0 0.172
60.0 138.0 0.172
60.0 158.0 0.172
60.0 172.0 0.172
60.0 193.0 0.172
80.0 41.0 0.172
80.0 83.0 0.172
80.0 138.0 0.172
80.0 172.0 0.172
80.0 213.0 0.172
100.0 48.0 1.0
49.95 51.0 1.0
49.95 100.3 1.0
49.95 143.8 1.0
50.05 50.0 1.0
50.05 100.0 1.0
50.0 150.0 1.0
50.05 150.0 1.0
50.05 200.0 1.0
50.05 300.0 1.0
99.95 50.7 1.0
99.95 104.0 1.0
99.95 191.4 1.0
100.05 50.0 1.0
100.05 100.0 1.0
100.05 150.0 1.0
100.0 150.0 1.0
100.05 200.0 1.0
100.05 300.0 1.0
40.16 38.44 2.5
40.16 51.37 2.5
40.16 63.73 2.5
40.16 77.89 2.5
40.16 91.29 2.5
50.0 57.39 2.5
50.0 87.3 2.5
50.0 117.73 2.5
50.0 150.2 2.5
50.0 182.11 2.5
79.92 40.82 2.5
79.92 52.21 2.5
79.92 64.7 2.5
79.92 76.79 2.5
79.92 100.61 2.5
100.0 57.42 2.5
100.0 87.89 2.5
100.0 118.67 2.5
100.0 149.21 2.5
100.0 180.13 2.5
40.23 40.27 4.0
40.23 59.78 4.0
40.23 73.78 4.0
40.23 81.22 4.0
40.23 90.61 4.0
50.0 150.0 4.0
50.0 59.54 4.0
50.0 89.53 4.0
50.0 120.17 4.0
50.0 149.59 4.0
50.0 179.54 4.0
100.0 150.0 4.0
100.0 60.68 4.0
100.0 89.16 4.0
100.0 120.03 4.0
100.0 149.24 4.0
100.0 181.62 4.0
50.0 150.0 5.0
50.05 50.0 5.0
50.05 100.0 5.0
50.05 150.0 5.0
50.05 200.0 5.0
50.05 300.0 5.0
100.0 150.0 5.0
100.05 50.0 5.0
100.05 100.0 5.0
100.05 150.0 5.0
100.05 200.0 5.0
100.05 300.0 5.0
50.0 150.0 6.0
100.0 150.0 6.0